object Form1: TForm1
  Left = 0
  Top = 0
  Caption = 'Form1'
  ClientHeight = 117
  ClientWidth = 388
  FormFactor.Width = 320
  FormFactor.Height = 480
  FormFactor.Devices = [Desktop]
  DesignerMasterStyle = 0
  object Label1: TLabel
    Align = Bottom
    Margins.Left = 10.000000000000000000
    Margins.Top = 3.000000000000000000
    Margins.Right = 10.000000000000000000
    Margins.Bottom = 3.000000000000000000
    Position.X = 10.000000000000000000
    Position.Y = 64.000000000000000000
    Size.Width = 368.000000000000000000
    Size.Height = 17.000000000000000000
    Size.PlatformDefault = False
    Text = 'Label1'
    TabOrder = 0
  end
  object ProgressBar1: TProgressBar
    Align = Bottom
    Orientation = Horizontal
    Margins.Left = 10.000000000000000000
    Margins.Top = 3.000000000000000000
    Margins.Right = 10.000000000000000000
    Margins.Bottom = 10.000000000000000000
    Position.X = 10.000000000000000000
    Position.Y = 87.000000000000000000
    Size.Width = 368.000000000000000000
    Size.Height = 20.000000000000000000
    Size.PlatformDefault = False
  end
  object Button1: TButton
    Align = Bottom
    Margins.Left = 10.000000000000000000
    Margins.Top = 3.000000000000000000
    Margins.Right = 300.000000000000000000
    Margins.Bottom = 3.000000000000000000
    Position.X = 10.000000000000000000
    Position.Y = 36.000000000000000000
    Size.Width = 78.000000000000000000
    Size.Height = 22.000000000000000000
    Size.PlatformDefault = False
    TabOrder = 2
    Text = 'Compress'
    OnClick = Button1Click
  end
  object Button2: TButton
    Align = Bottom
    Margins.Left = 10.000000000000000000
    Margins.Top = 3.000000000000000000
    Margins.Right = 300.000000000000000000
    Margins.Bottom = 3.000000000000000000
    Position.X = 10.000000000000000000
    Position.Y = 8.000000000000000000
    Size.Width = 78.000000000000000000
    Size.Height = 22.000000000000000000
    Size.PlatformDefault = False
    TabOrder = 3
    Text = 'DeCompress'
    OnClick = Button2Click
  end
end
